timesteps=[0,1,2,3,4,5,6,7,8,9,10,11,12,13,14,15,16,17,18,19]
randomCloseAbilities=[0,0,0,0,0,0,0,0,0,0,0,0,0,0,0,0,0,0,0,0]
randomCloseEngagements=[0,0,0,0,0,0,0,0,0,0,0,0,0,0,0,0,0,0,0,0]

randomClosePrefDiffs=[0,0,0,0,0,0,0,0,0,0,0,0,0,0,0,0,0,0,0,0]
randomClosegroupSizeFreqs=[0,0,0,0,0,0,0,0,0,0,0,0,0,0,0,0,0,0,0,0,0,0,0,0,0]
randomCloseconfigSizeFreqs=[0,0,0,0,0,0,0,0,0,0,0,0,0,0,0,0,0,0,0,0,0,0,0,0,0]
randomCloseavgExecTime=0

timesteps=[0,1,2,3,4,5,6,7,8,9,10,11,12,13,14,15,16,17,18,19]
optimalCloseAbilities=[0,0,0,0,0,0,0,0,0,0,0,0,0,0,0,0,0,0,0,0]
optimalCloseEngagements=[0,0,0,0,0,0,0,0,0,0,0,0,0,0,0,0,0,0,0,0]

optimalClosePrefDiffs=[0,0,0,0,0,0,0,0,0,0,0,0,0,0,0,0,0,0,0,0]
optimalClosegroupSizeFreqs=[0,0,0,0,0,0,0,0,0,0,0,0,0,0,0,0,0,0,0,0,0,0,0,0,0]
optimalCloseconfigSizeFreqs=[0,0,0,0,0,0,0,0,0,0,0,0,0,0,0,0,0,0,0,0,0,0,0,0,0]
optimalCloseavgExecTime=0

timesteps=[0,1,2,3,4,5,6,7,8,9,10,11,12,13,14,15,16,17,18,19]
GAL1Abilities=[0,0,0,0,0,0,0,0,0,0,0,0,0,0,0,0,0,0,0,0]
GAL1Engagements=[0,0,0,0,0,0,0,0,0,0,0,0,0,0,0,0,0,0,0,0]

GAL1PrefDiffs=[0,0,0,0,0,0,0,0,0,0,0,0,0,0,0,0,0,0,0,0]
GAL1groupSizeFreqs=[0,0,0,0,0,0,0,0,0,0,0,0,0,0,0,0,0,0,0,0,0,0,0,0,0]
GAL1configSizeFreqs=[0,0,0,0,0,0,0,0,0,0,0,0,0,0,0,0,0,0,0,0,0,0,0,0,0]
GAL1avgExecTime=0

timesteps=[0,1,2,3,4,5,6,7,8,9,10,11,12,13,14,15,16,17,18,19]
GAL2Abilities=[0,0,0,0,0,0,0,0,0,0,0,0,0,0,0,0,0,0,0,0]
GAL2Engagements=[0,0,0,0,0,0,0,0,0,0,0,0,0,0,0,0,0,0,0,0]

GAL2PrefDiffs=[0,0,0,0,0,0,0,0,0,0,0,0,0,0,0,0,0,0,0,0]
GAL2groupSizeFreqs=[0,0,0,0,0,0,0,0,0,0,0,0,0,0,0,0,0,0,0,0,0,0,0,0,0]
GAL2configSizeFreqs=[0,0,0,0,0,0,0,0,0,0,0,0,0,0,0,0,0,0,0,0,0,0,0,0,0]
GAL2avgExecTime=0

timesteps=[0,1,2,3,4,5,6,7,8,9,10,11,12,13,14,15,16,17,18,19]
GAL4Abilities=[0,0,0,0,0,0,0,0,0,0,0,0,0,0,0,0,0,0,0,0]
GAL4Engagements=[0,0,0,0,0,0,0,0,0,0,0,0,0,0,0,0,0,0,0,0]

GAL4PrefDiffs=[0,0,0,0,0,0,0,0,0,0,0,0,0,0,0,0,0,0,0,0]
GAL4groupSizeFreqs=[0,0,0,0,0,0,0,0,0,0,0,0,0,0,0,0,0,0,0,0,0,0,0,0,0]
GAL4configSizeFreqs=[0,0,0,0,0,0,0,0,0,0,0,0,0,0,0,0,0,0,0,0,0,0,0,0,0]
GAL4avgExecTime=0

timesteps=[0,1,2,3,4,5,6,7,8,9,10,11,12,13,14,15,16,17,18,19]
GAL8Abilities=[0,0,0,0,0,0,0,0,0,0,0,0,0,0,0,0,0,0,0,0]
GAL8Engagements=[0,0,0,0,0,0,0,0,0,0,0,0,0,0,0,0,0,0,0,0]

GAL8PrefDiffs=[0,0,0,0,0,0,0,0,0,0,0,0,0,0,0,0,0,0,0,0]
GAL8groupSizeFreqs=[0,0,0,0,0,0,0,0,0,0,0,0,0,0,0,0,0,0,0,0,0,0,0,0,0]
GAL8configSizeFreqs=[0,0,0,0,0,0,0,0,0,0,0,0,0,0,0,0,0,0,0,0,0,0,0,0,0]
GAL8avgExecTime=0

timesteps=[0,1,2,3,4,5,6,7,8,9,10,11,12,13,14,15,16,17,18,19]
GAL12Abilities=[0,0,0,0,0,0,0,0,0,0,0,0,0,0,0,0,0,0,0,0]
GAL12Engagements=[0,0,0,0,0,0,0,0,0,0,0,0,0,0,0,0,0,0,0,0]

GAL12PrefDiffs=[0,0,0,0,0,0,0,0,0,0,0,0,0,0,0,0,0,0,0,0]
GAL12groupSizeFreqs=[0,0,0,0,0,0,0,0,0,0,0,0,0,0,0,0,0,0,0,0,0,0,0,0,0]
GAL12configSizeFreqs=[0,0,0,0,0,0,0,0,0,0,0,0,0,0,0,0,0,0,0,0,0,0,0,0,0]
GAL12avgExecTime=0

timesteps=[0,1,2,3,4,5,6,7,8,9,10,11,12,13,14,15,16,17,18,19]
GAL16Abilities=[0,0,0,0,0,0,0,0,0,0,0,0,0,0,0,0,0,0,0,0]
GAL16Engagements=[0,0,0,0,0,0,0,0,0,0,0,0,0,0,0,0,0,0,0,0]

GAL16PrefDiffs=[0,0,0,0,0,0,0,0,0,0,0,0,0,0,0,0,0,0,0,0]
GAL16groupSizeFreqs=[0,0,0,0,0,0,0,0,0,0,0,0,0,0,0,0,0,0,0,0,0,0,0,0,0]
GAL16configSizeFreqs=[0,0,0,0,0,0,0,0,0,0,0,0,0,0,0,0,0,0,0,0,0,0,0,0,0]
GAL16avgExecTime=0

timesteps=[0,1,2,3,4,5,6,7,8,9,10,11,12,13,14,15,16,17,18,19]
GAL20Abilities=[0,0,0,0,0,0,0,0,0,0,0,0,0,0,0,0,0,0,0,0]
GAL20Engagements=[0,0,0,0,0,0,0,0,0,0,0,0,0,0,0,0,0,0,0,0]

GAL20PrefDiffs=[0,0,0,0,0,0,0,0,0,0,0,0,0,0,0,0,0,0,0,0]
GAL20groupSizeFreqs=[0,0,0,0,0,0,0,0,0,0,0,0,0,0,0,0,0,0,0,0,0,0,0,0,0]
GAL20configSizeFreqs=[0,0,0,0,0,0,0,0,0,0,0,0,0,0,0,0,0,0,0,0,0,0,0,0,0]
GAL20avgExecTime=0

timesteps=[0,1,2,3,4,5,6,7,8,9,10,11,12,13,14,15,16,17,18,19]
GAL24Abilities=[0,0,0,0,0,0,0,0,0,0,0,0,0,0,0,0,0,0,0,0]
GAL24Engagements=[0,0,0,0,0,0,0,0,0,0,0,0,0,0,0,0,0,0,0,0]

GAL24PrefDiffs=[0,0,0,0,0,0,0,0,0,0,0,0,0,0,0,0,0,0,0,0]
GAL24groupSizeFreqs=[0,0,0,0,0,0,0,0,0,0,0,0,0,0,0,0,0,0,0,0,0,0,0,0,0]
GAL24configSizeFreqs=[0,0,0,0,0,0,0,0,0,0,0,0,0,0,0,0,0,0,0,0,0,0,0,0,0]
GAL24avgExecTime=0

timesteps=[0,1,2,3,4,5,6,7,8,9,10,11,12,13,14,15,16,17,18,19]
GAL28Abilities=[0,0,0,0,0,0,0,0,0,0,0,0,0,0,0,0,0,0,0,0]
GAL28Engagements=[0,0,0,0,0,0,0,0,0,0,0,0,0,0,0,0,0,0,0,0]

GAL28PrefDiffs=[0,0,0,0,0,0,0,0,0,0,0,0,0,0,0,0,0,0,0,0]
GAL28groupSizeFreqs=[0,0,0,0,0,0,0,0,0,0,0,0,0,0,0,0,0,0,0,0,0,0,0,0,0]
GAL28configSizeFreqs=[0,0,0,0,0,0,0,0,0,0,0,0,0,0,0,0,0,0,0,0,0,0,0,0,0]
GAL28avgExecTime=0

timesteps=[0,1,2,3,4,5,6,7,8,9,10,11,12,13,14,15,16,17,18,19]
GAL30Abilities=[0,0,0,0,0,0,0,0,0,0,0,0,0,0,0,0,0,0,0,0]
GAL30Engagements=[0,0,0,0,0,0,0,0,0,0,0,0,0,0,0,0,0,0,0,0]

GAL30PrefDiffs=[0,0,0,0,0,0,0,0,0,0,0,0,0,0,0,0,0,0,0,0]
GAL30groupSizeFreqs=[0,0,0,0,0,0,0,0,0,0,0,0,0,0,0,0,0,0,0,0,0,0,0,0,0]
GAL30configSizeFreqs=[0,0,0,0,0,0,0,0,0,0,0,0,0,0,0,0,0,0,0,0,0,0,0,0,0]
GAL30avgExecTime=0

